tno cno
55000379 380
55000380 380
55000381 380
55000832 380
55000833 380
55000834 380
55001343 380
55001344 380
55001345 380
55001500 380
55001501 380
55001502 380
55001682 380
55001683 380
55002003 380
55002004 380
55002252 380
55000454 320
55000455 320
55000456 320
55000886 320
55001175 320
55001176 320
55001315 320
55001316 320
55001317 320
55002193 320
55002437 320
55002504 320
55000457 330
55000458 330
55000459 330
55000487 330
55002147 330
55002148 330
55002149 330
55002191 330
55002192 330
55002501 330
55002502 330
55002503 330
55000460 325
55000460 326
55000461 325
55000461 326
55000462 325
55000462 326
55000481 325
55000481 326
55000482 325
55000482 326
55000483 325
55000483 326
55000484 325
55000484 326
55000485 325
55000485 326
55000486 325
55000486 326
55000923 325
55000923 326
55002146 325
55002146 326
55002604 325
55002604 326
55000463 316
55000464 316
55000465 316
55000474 316
55000475 316
55000476 316
55000478 316
55000479 316
55000480 316
55000701 316
55000702 316
55000703 316
55000734 316
55000735 316
55000816 316
55000921 316
55000922 316
55001575 316
55001576 316
55002601 316
55002602 316
55002603 316
55002671 316
55002672 316
55000466 334
55000466 335
55000467 334
55000467 335
55000468 334
55000468 335
55000471 334
55000471 335
55000472 334
55000472 335
55000473 334
55000473 335
55000477 334
55000477 335
55000813 334
55000813 335
55000814 334
55000814 335
55000815 334
55000815 335
55001574 334
55001574 335
55000238 384
55000239 384
55000240 384
55001016 384
55001017 384
55001018 384
55002563 384
55002564 384
55002570 384
55000241 382
55000242 382
55000243 382
55001015 382
55002517 382
55002560 382
55002561 382
55002562 382
55000244 387
55000245 387
55000246 387
55001413 387
55001414 387
55002514 387
55002515 387
55002516 387
55000247 390
55000248 390
55000249 390
55001410 390
55001411 390
55001412 390
55001839 390
55001843 390
55001844 390
55000256 374
55000256 375
55000257 374
55000257 375
55000258 374
55000258 375
55000779 374
55000779 375
55000780 374
55000780 375
55001029 374
55001029 375
55001030 374
55001030 375
55001031 374
55001031 375
55001045 374
55001045 375
55001046 374
55001046 375
55001190 374
55001190 375
55001191 374
55001191 375
55001192 374
55001192 375
55001495 374
55001495 375
55001496 374
55001496 375
55001780 374
55001780 375
55001781 374
55001781 375
55001782 374
55001782 375
55002054 374
55002054 375
55000259 377
55000260 377
55000261 377
55001036 377
55001037 377
55001038 377
55001189 377
55001779 377
55000262 378
55000262 379
55000263 378
55000263 379
55000264 378
55000264 379
55001035 378
55001035 379
55001100 378
55001100 379
55001101 378
55001101 379
55001102 378
55001102 379
55000265 369
55000266 369
55000267 369
55000893 369
55000894 369
55001399 369
55001400 369
55001401 369
55001402 369
55001403 369
55001485 369
55001486 369
55001487 369
55001588 369
55001744 369
55001745 369
55001746 369
55001913 369
55002158 369
55002159 369
55002161 369
55002279 369
55002280 369
55002281 369
55002323 369
55000268 371
55000269 371
55000270 371
55000493 371
55000494 371
55000495 371
55001328 371
55001329 371
55001330 371
55001398 371
55001476 371
55001477 371
55001484 371
55001961 371
55001962 371
55001963 371
55002278 371
55002321 371
55002322 371
55002400 371
55002401 371
55002402 371
55002404 371
55002405 371
55002530 371
55002531 371
55002691 371
55000271 370
55000272 370
55000273 370
55000488 370
55000489 370
55000490 370
55000491 370
55000492 370
55000619 370
55000620 370
55000718 370
55000890 370
55000891 370
55000892 370
55001473 370
55001474 370
55001475 370
55001958 370
55001959 370
55001960 370
55002210 370
55002398 370
55002399 370
55002403 370
55002522 370
55002528 370
55002529 370
55002643 370
55002644 370
55002645 370
55002688 370
55002689 370
55002690 370
55000274 364
55000275 364
55000276 364
55000509 364
55000510 364
55000511 364
55000514 364
55000515 364
55000516 364
55001054 364
55001197 364
55001198 364
55001199 364
55001277 364
55001278 364
55001279 364
55001284 364
55001537 364
55001787 364
55001788 364
55001868 364
55001869 364
55001870 364
55002119 364
55002458 364
55002459 364
55002460 364
55000280 366
55000281 366
55000282 366
55001440 366
55001441 366
55001442 366
55001521 366
55001522 366
55002538 366
55002539 366
55000283 368
55000284 368
55000285 368
55000851 368
55000852 368
55001180 368
55001181 368
55001437 368
55001438 368
55001439 368
55001518 368
55001519 368
55001520 368
55002263 368
55002264 368
55002537 368
55000286 361
55000286 362
55000287 361
55000287 362
55000288 361
55000288 362
55000791 361
55000791 362
55000792 361
55000792 362
55000793 361
55000793 362
55000904 361
55000904 362
55000928 361
55000928 362
55000929 361
55000929 362
55000930 361
55000930 362
55001133 361
55001133 362
55001134 361
55001134 362
55001346 361
55001346 362
55001347 361
55001347 362
55001720 361
55001720 362
55001721 361
55001721 362
55001766 361
55001766 362
55001767 361
55001767 362
55001768 361
55001768 362
55002026 361
55002026 362
55002030 361
55002030 362
55002031 361
55002031 362
55002060 361
55002060 362
55002061 361
55002061 362
55002066 361
55002066 362
55002188 361
55002188 362
55002356 361
55002356 362
55002357 361
55002357 362
55002358 361
55002358 362
55002591 361
55002591 362
55002650 361
55002650 362
55000289 359
55000290 359
55000291 359
55000740 359
55000741 359
55000742 359
55000789 359
55000790 359
55000902 359
55000903 359
55000926 359
55000927 359
55001124 359
55001125 359
55001131 359
55001132 359
55001244 359
55001717 359
55001718 359
55001719 359
55001800 359
55001801 359
55001803 359
55001804 359
55001927 359
55001928 359
55002057 359
55002058 359
55002059 359
55002073 359
55002186 359
55002187 359
55002189 359
55002190 359
55002361 359
55002362 359
55002363 359
55002414 359
55002473 359
55002647 359
55002648 359
55002649 359
55002697 359
55002698 359
55002699 359
55000292 346
55000293 346
55000294 346
55000295 347
55000296 347
55000297 347
55000301 351
55000302 351
55000303 351
55000805 351
55000806 351
55001135 351
55001136 351
55001249 351
55001250 351
55001359 351
55001360 351
55001361 351
55001528 351
55001529 351
55001548 351
55001549 351
55001550 351
55001635 351
55001640 351
55001641 351
55001642 351
55001691 351
55001692 351
55001805 351
55001810 351
55001845 351
55001975 351
55001976 351
55002016 351
55002017 351
55002018 351
55002022 351
55002023 351
55002024 351
55002265 351
55002266 351
55002267 351
55002305 351
55002306 351
55002307 351
55002308 351
55002309 351
55002418 351
55002419 351
55000304 357
55000305 357
55000306 357
55000564 357
55000565 357
55000566 357
55000803 357
55000804 357
55001071 357
55001072 357
55001146 357
55001147 357
55001148 357
55001151 357
55001152 357
55001153 357
55001404 357
55002328 357
55002329 357
55002658 357
55002659 357
55002660 357
55002694 357
55002695 357
55000307 355
55000308 355
55000309 355
55000694 355
55000695 355
55000696 355
55000800 355
55000801 355
55000802 355
55001069 355
55001070 355
55001144 355
55001145 355
55001150 355
55001204 355
55001205 355
55001206 355
55002595 355
55002596 355
55002597 355
55002656 355
55002657 355
55000310 354
55000311 354
55000312 354
55000570 354
55000571 354
55000572 354
55000649 354
55000650 354
55000686 354
55000687 354
55000688 354
55001067 354
55001068 354
55002481 354
55002558 354
55002559 354
55002594 354
55002654 354
55002655 354
55000313 349
55000314 349
55000315 349
55000574 349
55000575 349
55000576 349
55000598 349
55000599 349
55000600 349
55000623 349
55000748 349
55000749 349
55000750 349
55000756 349
55000757 349
55000758 349
55001386 349
55001553 349
55001554 349
55001555 349
55001698 349
55001699 349
55001934 349
55001935 349
55001936 349
55002676 349
55002677 349
55000319 344
55000320 344
55000321 344
55000533 344
55000534 344
55001296 344
55001302 344
55001303 344
55001535 344
55001866 344
55002378 344
55000322 339
55000323 339
55000324 339
55000532 339
55000535 339
55000536 339
55001293 339
55001294 339
55001295 339
55001673 339
55001674 339
55001675 339
55001865 339
55000325 342
55000326 342
55000327 342
55000916 342
55001008 342
55001009 342
55001292 342
55001666 342
55001667 342
55001672 342
55000328 345
55000329 345
55000330 345
55000913 345
55000914 345
55000915 345
55000999 345
55001000 345
55001001 345
55001663 345
55001664 345
55001665 345
55001678 345
55000334 343
55000335 343
55000336 343
55000504 343
55000506 343
55000988 343
55000989 343
55000990 343
55001532 343
55001653 343
55001654 343
55001655 343
55001668 343
55001669 343
55001670 343
55000337 318
55000337 319
55000337 322
55000338 318
55000338 319
55000338 322
55000339 318
55000339 319
55000339 322
55000924 318
55000924 319
55000924 322
55000925 318
55000925 319
55000925 322
55001171 318
55001171 319
55001171 322
55001265 318
55001265 319
55001265 322
55002431 318
55002431 319
55002431 322
55002432 318
55002432 319
55002432 322
55002605 318
55002605 319
55002605 322
55000340 329
55000340 331
55000341 329
55000341 331
55000342 329
55000342 331
55000655 329
55000655 331
55000656 329
55000656 331
55001262 329
55001262 331
55001263 329
55001263 331
55001264 329
55001264 331
55001621 329
55001621 331
55000343 323
55000343 324
55000344 323
55000344 324
55000345 323
55000345 324
55000654 323
55000654 324
55001261 323
55001261 324
55001572 323
55001572 324
55001573 323
55001573 324
55001618 323
55001618 324
55001619 323
55001619 324
55001620 323
55001620 324
55000346 315
55000347 315
55000348 315
55000731 315
55000732 315
55000733 315
55001571 315
55001617 315
55001882 315
55001883 315
55001884 315
55001888 315
55001889 315
55000349 333
55000350 333
55000351 333
55000887 333
55001318 333
55001319 333
55001881 333
55001885 333
55001886 333
55001887 333
55002438 333
55002439 333
55000118 385
55000118 386
55000119 385
55000119 386
55000120 385
55000120 386
55001461 385
55001461 386
55001462 385
55001462 386
55001463 385
55001463 386
55001711 385
55001711 386
55001712 385
55001712 386
55001833 385
55001833 386
55001834 385
55001834 386
55001840 385
55001840 386
55001906 385
55001906 386
55001907 385
55001907 386
55002091 385
55002091 386
55002092 385
55002092 386
55002093 385
55002093 386
55002568 385
55002568 386
55002569 385
55002569 386
55002574 385
55002574 386
55000121 383
55000122 383
55000123 383
55001460 383
55001704 383
55001705 383
55001710 383
55001830 383
55001831 383
55001832 383
55001899 383
55001904 383
55001905 383
55002090 383
55002236 383
55002237 383
55002238 383
55002565 383
55002566 383
55002567 383
55000124 381
55000125 381
55000126 381
55001323 381
55001324 381
55001325 381
55001701 381
55001702 381
55001703 381
55001896 381
55001897 381
55001898 381
55002332 381
55002333 381
55002396 381
55002397 381
55000127 388
55000128 388
55000129 388
55001320 388
55001321 388
55001322 388
55001700 388
55001895 388
55002330 388
55002331 388
55002393 388
55002394 388
55002395 388
55002452 388
55002453 388
55000133 389
55000134 389
55000135 389
55001027 389
55001028 389
55001707 389
55001708 389
55001709 389
55002442 389
55002443 389
55002444 389
55000136 372
55000136 373
55000137 372
55000137 373
55000138 372
55000138 373
55000964 372
55000964 373
55000965 372
55000965 373
55000966 372
55000966 373
55001195 372
55001195 373
55001196 372
55001196 373
55001973 372
55001973 373
55001974 372
55001974 373
55000142 376
55000143 376
55000144 376
55000835 376
55000836 376
55000954 376
55000955 376
55000956 376
55000960 376
55000961 376
55000962 376
55001042 376
55001043 376
55001044 376
55001209 376
55001210 376
55001211 376
55001515 376
55001516 376
55001969 376
55001970 376
55001971 376
55002052 376
55002053 376
55000157 363
55000158 363
55000159 363
55000537 363
55000542 363
55000543 363
55000544 363
55000846 363
55000853 363
55000854 363
55000970 363
55000971 363
55001050 363
55001051 363
55001052 363
55001200 363
55001217 363
55001218 363
55001219 363
55001872 363
55001873 363
55000160 365
55000161 365
55000162 365
55000843 365
55000844 365
55000845 365
55000967 365
55000968 365
55000969 365
55001047 365
55001048 365
55001049 365
55001524 365
55000166 367
55000167 367
55000168 367
55000517 367
55000518 367
55000519 367
55000520 367
55000521 367
55000522 367
55001280 367
55001281 367
55001538 367
55001539 367
55001540 367
55001789 367
55001790 367
55001871 367
55002297 367
55002301 367
55002461 367
55002462 367
55000169 360
55000170 360
55000171 360
55000499 360
55000500 360
55000501 360
55000726 360
55000727 360
55000728 360
55000899 360
55000900 360
55000901 360
55001106 360
55001107 360
55001108 360
55001226 360
55001227 360
55001228 360
55001351 360
55001770 360
55001771 360
55001932 360
55002109 360
55002110 360
55002406 360
55002407 360
55002408 360
55000172 358
55000173 358
55000174 358
55000496 358
55000497 358
55000498 358
55000896 358
55000897 358
55000898 358
55001348 358
55001349 358
55001350 358
55001769 358
55001929 358
55001930 358
55001931 358
55002027 358
55002028 358
55002029 358
55002032 358
55002067 358
55002068 358
55002106 358
55002107 358
55002108 358
55002359 358
55002360 358
55002592 358
55002593 358
55002651 358
55002652 358
55002653 358
55000181 352
55000182 352
55000183 352
55000545 352
55000546 352
55000675 352
55000676 352
55000677 352
55000808 352
55000938 352
55000939 352
55000940 352
55000979 352
55000980 352
55000981 352
55001058 352
55001059 352
55001060 352
55001355 352
55001356 352
55001525 352
55001551 352
55001602 352
55001647 352
55001648 352
55001688 352
55001984 352
55001988 352
55001989 352
55001990 352
55002269 352
55002545 352
55002618 352
55002619 352
55000184 350
55000185 350
55000186 350
55000550 350
55000551 350
55000552 350
55000935 350
55000936 350
55000937 350
55000976 350
55000977 350
55000978 350
55001055 350
55001056 350
55001057 350
55001140 350
55001142 350
55001143 350
55001597 350
55001598 350
55001599 350
55001600 350
55001601 350
55001639 350
55001645 350
55001646 350
55001650 350
55001651 350
55001685 350
55001686 350
55001687 350
55001726 350
55001727 350
55001728 350
55001809 350
55001879 350
55001880 350
55001981 350
55001982 350
55001983 350
55001985 350
55001986 350
55001987 350
55002268 350
55002615 350
55002616 350
55002617 350
55000187 356
55000188 356
55000189 356
55000645 356
55000646 356
55000647 356
55000794 356
55000795 356
55002364 356
55002555 356
55002556 356
55002557 356
55002598 356
55000193 353
55000194 353
55000195 353
55000567 353
55000568 353
55000670 353
55000671 353
55000672 353
55001149 353
55001154 353
55001155 353
55001159 353
55001160 353
55001161 353
55001405 353
55001406 353
55001407 353
55001408 353
55001409 353
55002080 353
55002081 353
55002474 353
55002475 353
55002476 353
55000199 348
55000200 348
55000201 348
55000577 348
55000601 348
55000602 348
55000608 348
55000624 348
55000625 348
55000626 348
55000751 348
55000752 348
55000759 348
55001556 348
55001557 348
55001563 348
55001603 348
55001853 348
55001854 348
55001855 348
55001937 348
55001938 348
55002036 348
55002037 348
55002429 348
55002430 348
55000205 338
55000206 338
55000207 338
55000879 338
55000880 338
55001454 338
55001455 338
55001582 338
55002086 338
55002087 338
55002692 338
55002693 338
55000208 341
55000209 341
55000210 341
55000877 341
55000878 341
55001452 341
55001453 341
55002083 341
55002084 341
55002085 341
55002227 341
55002228 341
55002229 341
55000214 336
55000215 336
55000216 336
55001814 336
55001815 336
55001816 336
55001943 336
55001944 336
55001945 336
55002382 336
55000220 317
55000220 321
55000221 317
55000221 321
55000222 317
55000222 321
55000817 317
55000817 321
55000885 317
55000885 321
55001611 317
55001611 321
55001612 317
55001612 321
55001613 317
55001613 321
55001821 317
55001821 321
55001822 317
55001822 321
55001823 317
55001823 321
55002141 317
55002141 321
55002505 317
55002505 321
55002506 317
55002506 321
55000223 327
55000223 328
55000224 327
55000224 328
55000225 327
55000225 328
55000651 327
55000651 328
55000652 327
55000652 328
55000653 327
55000653 328
55000882 327
55000882 328
55000883 327
55000883 328
55000884 327
55000884 328
55000229 313
55000229 314
55000230 313
55000230 314
55000231 313
55000231 314
55001391 313
55001391 314
55001392 313
55001392 314
55002195 313
55002195 314
55002196 313
55002196 314
55002197 313
55002197 314
55002436 313
55002436 314
55000232 332
55000233 332
55000234 332
55001172 332
55001173 332
55001174 332
55002194 332
55002433 332
55002434 332
55002435 332
55002606 332
55002607 332
55000088 337
55000089 337
55000090 337
55000587 337
55000766 337
55000767 337
55000768 337
55000985 337
55000986 337
55000987 337
55001776 337
55001777 337
55001778 337
55001863 337
55001864 337
55001946 337
55001947 337
55002114 337
55002115 337
55002116 337
55002372 337
55000091 340
55000092 340
55000093 340
55000584 340
55000585 340
55000586 340
55000765 340
55000920 340
55000982 340
55000983 340
55000984 340
55001862 340
55002112 340
55002113 340
